S,0,31601,5897,757
B,1,31601,17334,3823
B,2,30501,10830,5899
S,3,31502,2265,245
S,4,30501,3732,481
B,5,30501,13234,3800
S,6,30501,3278,240
B,7,31601,17222,6374
S,8,30501,1802,613
B,9,30501,11204,4476
B,10,31601,8154,5931
S,11,30501,4235,623
S,12,31502,6336,105
B,13,30501,13509,7206
B,14,31601,15521,6198
S,15,31601,1715,788
B,16,31601,17332,7299
S,17,31502,2950,197
S,18,31502,5385,527
S,19,31601,2417,784
B,20,31601,16167,6804
B,21,31502,9541,5023
S,22,31502,6002,101
S,23,31601,5992,643
B,24,31502,18401,2300
S,25,31601,4889,572
B,26,31502,13961,4899
B,27,31601,16747,6571
B,28,31502,10045,1325
B,29,30501,11720,4740
S,30,31601,15000,200
S,31,30501,18390,300
S,32,31502,10000,111
S,33,31601,18000,251
S,34,30501,17800,428
S,35,31601,15012,225
S,36,30501,20109,309
S,37,31502,11011,153
S,38,31601,18332,252
S,39,30501,25001,402
